@1100
5A 48 4F 4E 47 4A 49 4E 47 59 55 41 4E 00 32 30
31 34 2F 30 35 2F 30 31 00 41 53 43 49 49 3A 00
43 4F 44 45 3A 00 00 00 00 00 00 00 00 00 00 2F
00 00 00 00 07 00 07 00 00 14 7F 14 7F 14 00 24
2A 7F 2A 12 00 62 64 08 13 23 00 36 49 55 22 50
00 00 05 03 00 00 00 00 1C 22 41 00 00 00 41 22
1C 00 00 14 08 3E 08 14 00 08 08 3E 08 08 00 00
00 A0 60 00 00 08 08 08 08 08 00 00 60 60 00 00
00 20 10 08 04 02 00 3E 51 49 45 3E 00 00 42 7F
40 00 00 42 61 51 49 46 00 21 41 45 4B 31 00 18
14 12 7F 10 00 27 45 45 45 39 00 3C 4A 49 49 30
00 01 71 09 05 03 00 36 49 49 49 36 00 06 49 49
29 1E 00 00 36 36 00 00 00 00 56 36 00 00 00 08
14 22 41 00 00 14 14 14 14 14 00 00 41 22 14 08
00 02 01 51 09 06 00 32 49 59 51 3E 00 7C 12 11
12 7C 00 7F 49 49 49 36 00 3E 41 41 41 22 00 7F
41 41 22 1C 00 7F 49 49 49 41 00 7F 09 09 09 01
00 3E 41 49 49 7A 00 7F 08 08 08 7F 00 00 41 7F
41 00 00 20 40 41 3F 01 00 7F 08 14 22 41 00 7F
40 40 40 40 00 7F 02 0C 02 7F 00 7F 04 08 10 7F
00 3E 41 41 41 3E 00 7F 09 09 09 06 00 3E 41 51
21 5E 00 7F 09 19 29 46 00 46 49 49 49 31 00 01
01 7F 01 01 00 3F 40 40 40 3F 00 1F 20 40 20 1F
00 3F 40 38 40 3F 00 63 14 08 14 63 00 07 08 70
08 07 00 61 51 49 45 43 00 00 7F 41 41 00 00 55
2A 55 2A 55 00 00 41 41 7F 00 00 04 02 01 02 04
00 40 40 40 40 40 00 00 01 02 04 00 00 20 54 54
54 78 00 7F 48 44 44 38 00 38 44 44 44 20 00 38
44 44 48 7F 00 38 54 54 54 18 00 08 7E 09 01 02
00 18 A4 A4 A4 7C 00 7F 08 04 04 78 00 00 44 7D
40 00 00 40 80 84 7D 00 00 7F 10 28 44 00 00 00
41 7F 40 00 00 7C 04 18 04 78 00 7C 08 04 04 78
00 38 44 44 44 38 00 FC 24 24 24 18 00 18 24 24
18 FC 00 7C 08 04 04 08 00 48 54 54 54 20 00 04
3F 44 40 20 00 3C 40 40 20 7C 00 1C 20 40 20 1C
00 3C 40 30 40 3C 00 44 28 10 28 44 00 1C A0 A0
A0 7C 00 44 64 54 4C 44 14 14 14 14 14 14 00 00
00 00 00 00 00 00 00 00 00 00 00 00 00 00 00 00
00 F8 00 00 00 00 00 00 00 33 30 00 00 00 00 10
0C 06 10 0C 06 00 00 00 00 00 00 00 00 00 40 C0
78 40 C0 78 40 00 04 3F 04 04 3F 04 04 00 00 70
88 FC 08 30 00 00 00 18 20 FF 21 1E 00 00 F0 08
F0 00 E0 18 00 00 00 21 1C 03 1E 21 1E 00 00 F0
08 88 70 00 00 00 1E 21 23 24 19 27 21 10 10 16
0E 00 00 00 00 00 00 00 00 00 00 00 00 00 00 00
00 E0 18 04 02 00 00 00 00 07 18 20 40 00 00 02
04 18 E0 00 00 00 00 40 20 18 07 00 00 00 40 40
80 F0 80 40 40 00 02 02 01 0F 01 02 02 00 00 00
00 F0 00 00 00 00 01 01 01 1F 01 01 01 00 00 00
00 00 00 00 00 00 80 B0 70 00 00 00 00 00 00 00
00 00 00 00 00 00 00 01 01 01 01 01 01 01 00 00
00 00 00 00 00 00 00 30 30 00 00 00 00 00 00 00
00 00 80 60 18 04 00 60 18 06 01 00 00 00 00 E0
10 08 08 10 E0 00 00 0F 10 20 20 10 0F 00 00 10
10 F8 00 00 00 00 00 20 20 3F 20 20 00 00 00 70
08 08 08 88 70 00 00 30 28 24 22 21 30 00 00 30
08 88 88 48 30 00 00 18 20 20 20 11 0E 00 00 00
C0 20 10 F8 00 00 00 07 04 24 24 3F 24 00 00 F8
08 88 88 08 08 00 00 19 21 20 20 11 0E 00 00 E0
10 88 88 18 00 00 00 0F 11 20 20 11 0E 00 00 38
08 08 C8 38 08 00 00 00 00 3F 00 00 00 00 00 70
88 08 08 88 70 00 00 1C 22 21 21 22 1C 00 00 E0
10 08 08 10 E0 00 00 00 31 22 22 11 0F 00 00 00
00 C0 C0 00 00 00 00 00 00 30 30 00 00 00 00 00
00 80 00 00 00 00 00 00 80 60 00 00 00 00 00 00
80 40 20 10 08 00 00 01 02 04 08 10 20 00 40 40
40 40 40 40 40 00 04 04 04 04 04 04 04 00 00 08
10 20 40 80 00 00 00 20 10 08 04 02 01 00 00 70
48 08 08 08 F0 00 00 00 00 30 36 01 00 00 C0 30
C8 28 E8 10 E0 00 07 18 27 24 23 14 0B 00 00 00
C0 38 E0 00 00 00 20 3C 23 02 02 27 38 20 08 F8
88 88 88 70 00 00 20 3F 20 20 20 11 0E 00 C0 30
08 08 08 08 38 00 07 18 20 20 20 10 08 00 08 F8
08 08 08 10 E0 00 20 3F 20 20 20 10 0F 00 08 F8
88 88 E8 08 10 00 20 3F 20 20 23 20 18 00 08 F8
88 88 E8 08 10 00 20 3F 20 00 03 00 00 00 C0 30
08 08 08 38 00 00 07 18 20 20 22 1E 02 00 08 F8
08 00 00 08 F8 08 20 3F 21 01 01 21 3F 20 00 08
08 F8 08 08 00 00 00 20 20 3F 20 20 00 00 00 00
08 08 F8 08 08 00 C0 80 80 80 7F 00 00 00 08 F8
88 C0 28 18 08 00 20 3F 20 01 26 38 20 00 08 F8
08 00 00 00 00 00 20 3F 20 20 20 20 30 00 08 F8
F8 00 F8 F8 08 00 20 3F 00 3F 00 3F 20 00 08 F8
30 C0 00 08 F8 08 20 3F 20 00 07 18 3F 00 E0 10
08 08 08 10 E0 00 0F 10 20 20 20 10 0F 00 08 F8
08 08 08 08 F0 00 20 3F 21 01 01 01 00 00 E0 10
08 08 08 10 E0 00 0F 18 24 24 38 50 4F 00 08 F8
88 88 88 88 70 00 20 3F 20 00 03 0C 30 20 00 70
88 08 08 08 38 00 00 38 20 21 21 22 1C 00 18 08
08 F8 08 08 18 00 00 00 20 3F 20 00 00 00 08 F8
08 00 00 08 F8 08 00 1F 20 20 20 20 1F 00 08 78
88 00 00 C8 38 08 00 00 07 38 0E 01 00 00 F8 08
00 F8 00 08 F8 00 03 3C 07 00 07 3C 03 00 08 18
68 80 80 68 18 08 20 30 2C 03 03 2C 30 20 08 38
C8 00 C8 38 08 00 00 00 20 3F 20 00 00 00 10 08
08 08 C8 38 08 00 20 38 26 21 20 20 18 00 00 00
00 FE 02 02 02 00 00 00 00 7F 40 40 40 00 00 0C
30 C0 00 00 00 00 00 00 00 01 06 38 C0 00 00 02
02 02 FE 00 00 00 00 40 40 40 7F 00 00 00 00 00
04 02 02 02 04 00 00 00 00 00 00 00 00 00 00 00
00 00 00 00 00 00 80 80 80 80 80 80 80 80 00 02
02 04 00 00 00 00 00 00 00 00 00 00 00 00 00 00
80 80 80 80 00 00 00 19 24 22 22 22 3F 20 08 F8
00 80 80 00 00 00 00 3F 11 20 20 11 0E 00 00 00
00 80 80 80 00 00 00 0E 11 20 20 20 11 00 00 00
00 80 80 88 F8 00 00 0E 11 20 20 10 3F 20 00 00
80 80 80 80 00 00 00 1F 22 22 22 22 13 00 00 80
80 F0 88 88 88 18 00 20 20 3F 20 20 00 00 00 00
80 80 80 80 80 00 00 6B 94 94 94 93 60 00 08 F8
00 80 80 80 00 00 20 3F 21 00 00 20 3F 20 00 80
98 98 00 00 00 00 00 20 20 3F 20 20 00 00 00 00
00 80 98 98 00 00 00 C0 80 80 80 7F 00 00 08 F8
00 00 80 80 80 00 20 3F 24 02 2D 30 20 00 00 08
08 F8 00 00 00 00 00 20 20 3F 20 20 00 00 80 80
80 80 80 80 80 00 20 3F 20 00 3F 20 00 3F 80 80
00 80 80 80 00 00 20 3F 21 00 00 20 3F 20 00 00
80 80 80 80 00 00 00 1F 20 20 20 20 1F 00 80 80
00 80 80 00 00 00 80 FF A1 20 20 11 0E 00 00 00
00 80 80 80 80 00 00 0E 11 20 20 A0 FF 80 80 80
80 00 80 80 80 00 20 20 3F 21 20 00 01 00 00 00
80 80 80 80 80 00 00 33 24 24 24 24 19 00 00 80
80 E0 80 80 00 00 00 00 00 1F 20 20 00 00 80 80
00 00 00 80 80 00 00 1F 20 20 20 10 3F 20 80 80
80 00 00 80 80 80 00 01 0E 30 08 06 01 00 80 80
00 80 00 80 80 80 0F 30 0C 03 0C 30 0F 00 00 80
80 00 80 80 80 00 00 20 31 2E 0E 31 20 00 80 80
80 00 00 80 80 80 80 81 8E 70 18 06 01 00 00 80
80 80 80 80 80 00 00 21 30 2C 22 21 30 00 00 00
00 00 80 7C 02 02 00 00 00 00 00 3F 40 40 00 00
00 00 FF 00 00 00 00 00 00 00 FF 00 00 00 00 02
02 7C 80 00 00 00 00 40 40 3F 00 00 00 00 00 06
01 01 02 02 04 04 00 00 00 00 00 00 00 00 00 00
F0 10 10 10 10 FF 10 10 10 10 F0 00 00 00 00 00
0F 04 04 04 04 FF 04 04 04 04 0F 00 00 00 40 40
40 5F 55 55 55 75 55 55 55 5F 40 40 40 00 00 40
20 0F 09 49 89 79 09 09 09 0F 20 40 00 00 00 FE
02 42 4A CA 4A 4A CA 4A 4A 42 02 FE 00 00 00 FF
40 50 4C 43 40 40 4F 50 50 5C 40 FF 00 00 00 00
F8 88 88 88 88 FF 88 88 88 88 F8 00 00 00 00 00
1F 08 08 08 08 7F 88 88 88 88 9F 80 F0 00 80 82
82 82 82 82 82 E2 A2 92 8A 86 82 80 80 00 00 00
00 00 00 40 80 7F 00 00 00 00 00 00 00 00 10 10
10 FF 10 90 08 88 88 88 FF 88 88 88 08 00 04 44
82 7F 01 80 80 40 43 2C 10 28 46 81 80 00 00 10
10 10 10 D0 30 FF 30 D0 12 1C 10 10 00 00 10 08
04 02 01 00 00 FF 00 00 01 02 04 08 10 00 00 03
05 09 11 FF 11 89 05 C3 00 E0 00 F0 00 F8 00 00
00 00 00 00 00 44 28 FF 11 AA 44 00 00 00 00 00
00 00 00 00 00 00 00 00 00 00 00 00 00 00 00 00
00 00 00 00 00 00 00 00 00 00 00 00 00 00 00 00
00 00 00 00 00 00 00 00 00 00 00 00 00 00 00 00
00 00 00 00 00 00 00 00 83 01 38 44 82 92 92 74
01 83 00 00 00 00 00 00 00 7C 44 FF 01 7D 7D 7D
01 7D 7D 7D 7D 01 7D 7D 7D 7D 7D 01 FF 00 00 00
00 00 00 01 00 01 00 01 00 01 00 01 00 01 00 00
00 00 00 00 00 00 00 01 01 00 00 00 00 00 00 00
00 00 00 00 00 00 00 00 00 00 00 00 00 00 00 00
00 00 00 00 00 00 00 00 00 00 00 00 00 00 00 00
00 00 00 00 00 00 00 00 00 00 00 00 00 00 00 00
00 00 00 00 00 00 00 00 01 01 00 00 00 00 00 00
01 01 00 00 00 00 00 00 00 00 00 01 01 01 01 01
01 01 01 01 01 01 01 01 01 01 01 01 01 00 00 00
00 00 00 00 00 00 00 00 00 00 00 00 00 00 00 00
00 00 00 00 00 00 00 00 00 00 3F 3F 03 03 F3 13
11 11 11 11 11 11 01 F1 11 61 81 01 01 01 81 61
11 F1 01 01 01 01 41 41 F1 01 01 01 01 01 C1 21
11 11 11 11 21 C1 01 01 01 01 41 41 F1 01 01 01
01 01 01 01 01 01 01 11 11 11 11 11 D3 33 03 03
3F 3F 00 00 00 00 00 00 00 00 00 00 00 00 00 00
00 00 00 00 00 00 00 00 00 00 00 00 00 00 00 00
00 00 00 00 00 00 00 00 00 00 00 00 00 00 00 00
00 00 00 00 00 00 00 00 00 00 E0 E0 00 00 7F 01
01 01 01 01 01 00 00 7F 00 00 01 06 18 06 01 00
00 7F 00 00 00 00 40 40 7F 40 40 00 00 00 1F 20
40 40 40 40 20 1F 00 00 00 00 40 40 7F 40 40 00
00 00 00 60 00 00 00 00 40 30 0C 03 00 00 00 00
E0 E0 00 00 00 00 00 00 00 00 00 00 00 00 00 00
00 00 00 00 00 00 00 00 00 00 00 00 00 00 00 00
00 00 00 00 00 00 00 00 00 00 00 00 00 00 00 00
00 00 00 00 00 00 00 00 00 00 07 07 06 06 06 06
04 04 04 84 44 44 44 84 04 04 84 44 44 44 84 04
04 04 84 C4 04 04 04 04 84 44 44 44 84 04 04 04
04 04 84 44 44 44 84 04 04 04 04 04 84 44 44 44
84 04 04 84 44 44 44 84 04 04 04 04 06 06 06 06
07 07 00 00 00 00 00 00 00 00 00 00 00 00 00 00
00 00 00 00 00 00 00 00 00 00 00 00 00 00 00 00
00 00 00 00 00 00 00 00 00 00 00 00 00 00 00 00
00 00 00 00 00 00 00 00 00 00 00 00 00 00 00 00
00 00 00 10 18 14 12 11 00 00 0F 10 10 10 0F 00
00 00 10 1F 10 00 00 00 08 10 12 12 0D 00 00 18
00 00 0D 12 12 12 0D 00 00 18 00 00 10 18 14 12
11 00 00 10 18 14 12 11 00 00 00 00 00 00 00 00
00 00 00 00 00 00 00 00 00 00 00 00 00 00 00 00
00 00 00 00 00 00 00 00 00 00 00 00 00 00 00 00
00 00 00 00 00 00 00 00 00 00 00 00 00 00 00 00
00 00 00 00 00 00 00 00 00 00 00 00 00 00 00 00
00 00 00 00 00 00 00 00 00 00 00 00 00 00 00 00
00 00 00 00 00 00 00 00 00 00 80 80 80 80 80 80
80 80 00 00 00 00 00 00 00 00 00 00 00 00 00 00
00 00 00 00 00 00 00 00 00 00 00 00 00 00 00 00
00 00 00 00 00 00 00 00 00 00 00 00 00 00 00 00
00 00 00 00 00 00 00 00 00 00 00 00 00 00 00 7F
03 0C 30 0C 03 7F 00 00 38 54 54 58 00 00 7C 04
04 78 00 00 3C 40 40 7C 00 00 00 00 00 00 00 00
00 00 00 00 00 00 00 00 00 00 00 00 00 00 00 00
00 00 00 00 00 00 00 00 00 00 FF AA AA AA 28 08
00 FF 00 00 00 00 00 00 00 00 00 00 00 00 00 00
00 00 00 00 00 00 00 00 00 00 00 00 00 00 00 00
00 00 00 00 00 00 00 7F 03 0C 30 0C 03 7F 00 00
26 49 49 49 32 00 00 7F 02 04 08 10 7F 00 31 40
00 0A 3C 40 00 02 3D 40 1E 1A 3E 40 00 04 B0 12
9A 25 B0 12 72 1F B0 12 96 25 F2 D0 10 00 32 00
F2 D2 32 00 E2 D2 32 00 D2 D3 2A 00 E2 C2 31 00
3C 40 C8 00 B0 12 22 25 E2 D2 31 00 4D 43 7C 40
AE 00 B0 12 EA 23 4D 43 4C 43 B0 12 EA 23 4D 43
7C 40 10 00 B0 12 EA 23 4D 43 7C 40 40 00 B0 12
EA 23 4D 43 7C 40 81 00 B0 12 EA 23 4D 43 7C 40
CF 00 B0 12 EA 23 4D 43 7C 40 A1 00 B0 12 EA 23
4D 43 7C 40 C8 00 B0 12 EA 23 4D 43 7C 40 A6 00
B0 12 EA 23 4D 43 7C 40 A8 00 B0 12 EA 23 4D 43
7C 40 3F 00 B0 12 EA 23 4D 43 7C 40 D3 00 B0 12
EA 23 4D 43 4C 43 B0 12 EA 23 4D 43 7C 40 D5 00
B0 12 EA 23 4D 43 7C 40 80 00 B0 12 EA 23 4D 43
7C 40 D9 00 B0 12 EA 23 4D 43 7C 40 F1 00 B0 12
EA 23 4D 43 7C 40 DA 00 B0 12 EA 23 4D 43 7C 40
12 00 B0 12 EA 23 4D 43 7C 40 DB 00 B0 12 EA 23
4D 43 7C 40 40 00 B0 12 EA 23 4D 43 7C 40 20 00
B0 12 EA 23 4D 43 6C 43 B0 12 EA 23 4D 43 7C 40
8D 00 B0 12 EA 23 4D 43 7C 40 14 00 B0 12 EA 23
4D 43 7C 40 A4 00 B0 12 EA 23 4D 43 7C 40 A6 00
B0 12 EA 23 B0 12 A4 23 4D 43 7C 40 AF 00 30 40
EA 23 B2 40 80 5A 20 01 B0 12 B6 24 7A 40 20 00
B0 12 3A 1E D2 C3 29 00 30 12 00 02 7F 40 40 00
7E 40 80 00 4D 43 4C 43 B0 12 EA 22 3C 40 F4 01
B0 12 22 25 B0 12 A4 23 7F 40 10 00 4E 43 4D 43
4C 43 B0 12 62 22 7F 40 10 00 5E 43 4D 43 7C 40
12 00 B0 12 62 22 7F 40 10 00 6E 43 4D 43 7C 40
24 00 B0 12 62 22 7F 40 10 00 7E 40 03 00 4D 43
7C 40 36 00 B0 12 62 22 7F 40 10 00 6E 42 4D 43
7C 40 48 00 B0 12 62 22 7F 40 10 00 7E 40 05 00
4D 43 7C 40 5A 00 B0 12 62 22 7F 40 10 00 7E 40
06 00 4D 43 7C 40 6C 00 B0 12 62 22 7F 40 10 00
3E 40 00 11 6D 43 7C 42 B0 12 56 23 7F 40 10 00
3E 40 0E 11 6D 42 7C 40 14 00 B0 12 56 23 7F 40
10 00 3E 40 19 11 7D 40 06 00 4C 43 B0 12 56 23
7F 40 10 00 3E 40 20 11 7D 40 06 00 7C 40 3F 00
B0 12 56 23 7F 40 10 00 4E 4A 7D 40 06 00 7C 40
30 00 B0 12 8A 21 5A 53 21 53 7A 90 7F 00 02 28
7A 40 20 00 70 12 10 00 7F 40 03 00 4E 4A 7D 40
06 00 7C 40 67 00 B0 12 AA 20 3C 40 F4 01 B0 12
22 25 B0 12 A4 23 21 53 6F 3F 0A 12 0B 12 08 12
09 12 06 12 07 12 04 12 05 12 4A 4C 44 4D 05 4E
46 4F 4B 43 47 43 58 41 12 00 78 92 01 20 6B 43
49 43 1F 3C 57 43 4F 48 7E 50 30 00 4D 44 4D 12
4E 12 4F 12 4C 48 6E 43 B0 12 06 25 4E 4C 4E 5B
4C 4A 02 12 32 C2 03 43 C2 4E 30 01 C2 49 38 01
5C 52 3A 01 32 41 7F 41 7E 41 7D 41 B0 12 8A 21
59 53 49 96 38 2C 0C 45 05 4C 4D 46 4D 89 7D 53
7C 40 0A 00 B0 12 E0 24 0E 4C 0C 45 B0 12 0A 25
3E 40 0A 00 B0 12 0A 25 47 93 CD 23 49 49 4F 46
3F 53 09 9F C8 37 4E 93 C5 23 4F 48 7E 40 20 00
4D 44 4D 12 4E 12 4F 12 4C 48 6E 43 B0 12 06 25
4E 4C 4E 5B 4C 4A 02 12 32 C2 03 43 C2 4E 30 01
C2 49 38 01 5C 52 3A 01 32 41 7F 41 7E 41 7D 41
B0 12 8A 21 C5 3F 30 40 50 25 0A 12 0B 12 08 12
09 12 06 12 07 12 04 12 05 12 44 4C 48 4D 49 4E
4B 4F 4A 43 4C 4B 6E 43 B0 12 06 25 45 4C 06 43
7B 92 03 20 37 40 06 00 1D 3C 4C 4B 3E 42 B0 12
58 24 0E 93 02 24 1A 43 01 3C 0A 43 4C 4B 7E 42
B0 12 06 25 47 4C 07 5A 4C 4B 6E 43 B0 12 06 25
02 12 32 C2 03 43 C2 4C 30 01 82 47 38 01 17 42
3A 01 32 41 79 50 E0 00 4A 49 4D 48 4C 44 B0 12
22 24 06 43 0C 3C 5D 43 4F 4A 0F 5F 0E 4F 0F 5F
0F 5E 0F 56 5C 4F 26 11 B0 12 EA 23 16 53 06 97
1E 2C 4E 45 0C 46 B0 12 0A 25 0E 93 07 20 7B 92
05 24 4D 48 4C 44 B0 12 22 24 58 53 7B 92 E3 27
7B 90 10 00 0C 20 5D 43 4F 4A 0F 5F 0F 5F 0F 5F
0F 5F 0F 56 5C 4F 4E 13 B0 12 EA 23 DF 3F 30 40
50 25 0A 12 0B 12 08 12 09 12 06 12 07 12 48 4C
49 4D 4B 4E 4A 4F 4C 4A 3E 42 B0 12 58 24 0E 93
02 24 17 43 01 3C 07 43 4C 4A 7E 42 B0 12 06 25
4C 4C 0C 57 02 12 32 C2 03 43 C2 4A 30 01 82 4C
38 01 16 42 3A 01 32 41 07 43 0D 3C 5D 43 4F 4B
0F 5F 0F 5F 0F 5F 0F 5F 0F 5F 0F 57 5C 4F 3E 19
B0 12 EA 23 17 53 07 96 0E 2C 4E 4A 0C 47 B0 12
0A 25 0E 93 05 20 4D 49 4C 48 B0 12 22 24 59 53
7A 90 10 00 E3 27 30 40 54 25 0A 12 0B 12 08 12
09 12 06 12 07 12 04 12 05 12 45 4C 44 4D 4B 4E
4A 4F 08 43 4C 4A 3E 42 B0 12 58 24 0E 93 02 24
17 43 01 3C 07 43 4C 4A 7E 42 B0 12 06 25 4A 4C
4A 57 49 43 16 41 12 00 0B 3C 5D 43 0F 46 0F 58
6C 4F B0 12 EA 23 18 53 57 53 47 9B F6 2B 59 53
49 9A 07 2C 4D 49 4D 54 4C 45 B0 12 22 24 47 43
F4 3F 30 40 50 25 0A 12 0B 12 08 12 09 12 06 12
4A 4C 46 4D 0B 4E 48 4F 49 43 02 3C 7A 50 06 00
49 49 0F 4B 0F 59 CF 93 00 00 12 24 4F 48 49 49
0E 4B 0E 59 6E 4E 4D 46 4C 4A B0 12 8A 21 59 53
78 92 EC 27 4C 48 6E 43 B0 12 06 25 4A 5C E8 3F
30 40 56 25 0A 12 0B 12 4A 43 09 3C 5D 43 4C 43
B0 12 EA 23 5B 53 7B 90 80 00 F8 2B 5A 53 7A 92
11 2C 4D 43 4C 4A 7C 50 B0 00 B0 12 EA 23 4D 43
4C 43 B0 12 EA 23 4D 43 7C 40 10 00 B0 12 EA 23
4B 43 E9 3F 3B 41 3A 41 30 41 4F 4C B0 12 3A 25
7C 40 78 00 B0 12 88 24 B0 12 62 25 4D 93 05 24
7C 40 40 00 B0 12 88 24 03 3C 4C 43 B0 12 88 24
B0 12 62 25 4C 4F B0 12 88 24 B0 12 62 25 30 40
86 25 0A 12 4A 4C 4C 4D 4D 43 7C 50 B0 00 B0 12
EA 23 4D 43 4C 4A 12 C3 4C 10 4C 11 4C 11 4C 11
7C D0 10 00 B0 12 EA 23 4D 43 7A F0 0F 00 4C 4A
B0 12 EA 23 3A 41 30 41 09 12 09 43 0E 93 03 34
3E E3 1E 53 19 D3 0C 93 03 34 3C E3 1C 53 39 E3
B0 12 0A 25 19 B3 02 24 3C E3 1C 53 29 B3 02 24
3E E3 1E 53 39 41 30 41 4E 43 0A 3C F2 C2 31 00
F2 D0 10 00 31 00 F2 C0 10 00 31 00 4C 5C 5E 53
7E 92 08 2C F2 C0 10 00 31 00 4C 93 EF 37 F2 D2
31 00 EE 3F 30 41 F2 C0 80 00 57 00 F2 D0 88 00
58 00 E2 C3 02 00 4E 43 02 3C 03 43 5E 53 7E 90
64 00 FB 2B E2 B3 02 00 F4 2F E2 C3 02 00 30 41
1F 43 0A 3C 02 12 32 C2 03 43 C2 4C 30 01 82 4F
38 01 1F 42 3A 01 32 41 4E 4D 4D 4E 7D 53 4E 93
F1 23 0C 4F 30 41 7C F3 7E F3 0F 4E 0D 4C 0E 43
1C 43 0D 5D 0E 6E 0E 9F 01 28 0E 8F 0C 6C F9 2B
30 41 08 3C 3E 40 08 07 0F 4E 0E 4F 3E 53 0F 93
FB 23 3C 53 0C 93 F6 23 30 41 F2 D2 31 00 F2 D0
10 00 31 00 F2 C2 31 00 F2 C0 10 00 31 00 30 41
35 41 34 41 37 41 36 41 39 41 38 41 3B 41 3A 41
30 41 F2 D2 31 00 F2 D0 10 00 31 00 F2 C0 10 00
31 00 30 41 0F 4C 04 3C FF 4D 00 00 1F 53 3E 53
0E 93 FA 23 30 41 F2 C2 31 00 F2 D0 10 00 31 00
F2 D2 31 00 30 41 30 40 9E 25 30 40 74 25 30 40
A2 25 FF 3F 
@FFFE
1E 1E 
q
